0 0.5052083333333334 0.27978515625 0.07291666666666667 0.0576171875
0 0.6354166666666666 0.26318359375 0.06510416666666667 0.0712890625
0 0.8795572916666666 0.796875 0.06380208333333333 0.068359375
0 0.939453125 0.79736328125 0.053385416666666664 0.0673828125
0 0.24609375 0.6787109375 0.07291666666666667 0.0703125
0 0.4596354166666667 0.4423828125 0.09375 0.109375
0 0.4609375 0.345703125 0.07291666666666667 0.0625
0 0.19075520833333334 0.56982421875 0.06901041666666667 0.0595703125
0 0.166015625 0.61669921875 0.07682291666666667 0.0556640625
0 0.13997395833333334 0.65625 0.07161458333333333 0.0546875
