0 0.48046875 0.68359375 0.03515625 0.08333333333333333
0 0.5146484375 0.6751302083333334 0.04296875 0.08723958333333333
0 0.6962890625 0.2265625 0.041015625 0.08072916666666667
0 0.595703125 0.6946614583333334 0.033203125 0.08723958333333333
0 0.6240234375 0.7044270833333334 0.033203125 0.1015625
0 0.76513671875 0.7337239583333334 0.0556640625 0.10546875
0 0.162109375 0.06510416666666667 0.04296875 0.09635416666666667
0 0.20068359375 0.060546875 0.0439453125 0.08723958333333333
0 0.265625 0.06380208333333333 0.041015625 0.08072916666666667
0 0.2998046875 0.047526041666666664 0.03125 0.08463541666666667
0 0.3291015625 0.041666666666666664 0.0390625 0.078125
0 0.36572265625 0.041666666666666664 0.0361328125 0.078125
